200000000000000000000000000000010000000000000000000000000000000000000000000000000000000000000000000000010000000000002220000000000000000000000000000000000000000000110000000000000000000000000000000000000000000000000001000000000000010000000000000000000000000000000000000000000000000000000000000000000100
000000000000000000000000010000010000000000000000000000000000000000000000000000000000000000000000000000000000000100000000100001000000100000000000000000000010010000000000000000000000100000000000000000000000000000000000000000001000001000100000000000000000000000000000001000000000000000000000000000000000
000000000000000000000001000000000000000000000000000000000000000010000000000000000000000000000000000000000000000000000001000000010000000000000000000000000000000000000000000000000000000001000000010000000000000000000000000000000000000000000100000000000100000000000000000000000000000000000000000000000000
000100000000000000000010000000000000000000010000000000000000000000001000000000000000100000000000000000000100000000000000000000100000000000000000000000000000000000000000000000000000000100000000000000000000000000000000000000100000000000000000000000000000000000000000000000000000000000100000000000000000
000000000000000000000000000000000000010000000000000000000000000000000000000000000000000000000000000000000000000000000000000000000000000000000000100000000000000001000000010000000000001000100000000000000000000000010000000000100000000000000000000000000000000000000000000000000000000010000000000000000000
000000000000000000100000000100001000000000000000000000000000000000000000000000001010000001000000000000000000000000000000000000000000000000000000000000000000000000000000000000000000000000000000000000000000000000000000000000000000000000000010100000010001000000000000000000000000000001010000000100000010
010000000000000000000010000000000000000000000000000000001000000000000000000000000000000000000000000000000000000100000000000000000000000000000000000000000000000000000000000000000000000100000000000000010000000000000000000100001000000000000000000000000000000000000000000000001000000000000000000000000000
000000000000001000000000000000000000000010100000000000000000000000000000000100000000000000000100000000000000000000000000000000010000000000000010000000000000000000000001000000000001000000001000000000000000000000000000000000000000000000000001000000000000000000000000000000000000000000000000000000000000
000000100000000000000000000000000000000000000000000000100000000000000000000000110000000010000000000000000000000010000000000000000000010010000000000000000000000000000000000000001000000000000000000000000000000000000000001000010000000001000000000000000000000000000000000000000000000000000000000000000000
000000000000000000000000000000000000000000000000001000000000001000000000000001000001000000000000000000000000000000001000000000000000000000000000000000000000000000100000000010000000000000000000000000000000000000000000000000000000000000000000000000000000000000000000000010000000000000000100000000000100
000000000000000001000000000000000000000000000000000000000000000000000000000010000100000000000000000000100001000000000100000000010000000000000000000000010000000000100000000000000000000000000000000000010000000000000000000000000000000000000010000000000000000000000000000000000000000000100000100000000000
000000000000000000000000000000000000000000000000010001000000000000100000000000000000000000000000000001000000000000000000000000000000000000000000000000100000000000000100000000000000100000000000000000100000000000001000000000000010000000000000000000000000000000000000000000000100000000000000000000000000
00000000000010000000010000000000000000000000000000100000000000000000000000000000000000000000000000001000000000000000A570000000000000000000000001000000000000000000010000000000000000000000000000000000000000000000000000000000000000000010000000000000001000000000000000000000000000000000000000000000000000
000000010000000000000000000000000000000000000000000000000000000000000000000000000000000000000000000000000000000000003240000000000000000000000001000000000000000000000000000000000000000000000000000000000000000010000000100000000000001000000000000001100000000000000000000000000000000000000000000000000000
000000000000000000000000000000000000000000000000000000100000000000000000000000000000010000000000100000000000000000003240000000000000000000000001000000000000000000001000000000100000000000000000000000000000000000100000000000000001000000000000000000000000000000000000000000000000000000000000000000010000
000000000000000000000000000000000000010000100010000000000000000000000100000000000000000000000000000100000000000000003240000000000000000100010000000000000000000000000000000100000000000000000000100000000000000000000000000000001000000100000000000000000000000000000100000000000000000000000000000000000000
000000010000000000000000000000000000000000000000000000000000000000000000000000000001000000000000100000000001000000000000000000001000000000000000000000000000000000100000100000100000000000000000000000000000000000101000000000000000000000000000000000000000000000000000000000100000000000000000100000000000
000100000000000000000000000000000000000000000000000000000000000000000000100000000000000010000000000000000001000000000000000000000011000000000000000000000000000000000000000000100000000000000000000000000001000000000000000000000000000000000000000000000000000001000000000001100000000000000000000000000000
000000000000000000000000000000010000000000000000000000000000000000000000000000000000000010000000000000000000000000000000000000000000000100000000000000000000000000000000000010000000000000000000000000000000000000000000000000000000000000000000000000000000000000000000000000000000000000000000000000000000
000000000010000000000010000000000000100000000000000000000010000000000000000000000000000000010000000000000000000000000000000000000100000000000000000000000000000000000000000000000000000010000000000000000000000000000000000010000000000000000000000000000000000000000100100000000000000000010000000000000000
000000000100000000000000000000000000000000010000010000000000000000000000000000000000000000000000000000100000000000000000000000000000000000000000000000000000000100000000000000000000000000000000000000000000000000000000000000000000000000000000000000000010000000000000000000000000000000000000000100000000
000000000000000000010000010000000000001000100000000000001000000000000000000000000000000000000000000000000000000000000000000000000000000000000000001000000000000000100000100000000000000000000001000000000000100000000000000000000000000000000000000000000000000000000000000000000000010000000000100000000000
000000000000000000000000000000000000010000000000000001000000000000000100000100000000000000000000000000000000000000000000000001000001000000000000000000000000000000000000000000000000000000000000000000000000010000000000000100000000000000000000000100000000000000001000001000000000000000001010000000000000
000000000000000000000000000000000000000000000000000000000000000000000000000000001000000000000000000000000010000000000000000000000000000000000000000000000000100000000000000000000000000000000000000010000000000110000000000000000000000000000000000000000000000000000000000000000000000000000000000000000000
000000000000000000001000000000000000000000100000000000000000000000000000000000000000000000000000000000000000000000001000000000000000000000000000000000000000000000000000000000010000000000000000000000000000000000000000000000000000000000000000000000000000000000000000000000000000000100001000000000000000
000000000000000000000100000000000000000000000000000000100000000000000000000000000000000000000000000000000000010000000000000000000000000000000000000000000000000000000000000000010000000000000000000000000000000000000010000000000000000000000000000000010000000000010000000000000000100000000000000000000000
001000010000000000000000000000000000000000000000000000000000000000000000001000000000000000000000000000000100000000000001000000000000000000000000010000000000000010000000000000000000000000000000000000000000000000100000000000000000000000000000000000000100000000000000000100000000000000000000000000000000
000000000000000000000000000000000000100000000000001000000000000000000000001000000000000000000100000010000000000000000000000000000000000000000000000000000000000000000000010000000000000000000000000010000000000000000000000000000000001000000000000001010010000000000000000000000000000000000000000000001000
000000000000000000000000000101000000001000000000000000000000000000000000000000000000000000000000000000000000000000000100000000000000010000100100000000000000001000000000000000000000000000000000000000000000000000000001000000000000000000000000000000000000000101000000100000000000000000000000000000000000
000000000000000000100000000001000000100000000000100000000000000000000000000000000000000000000000000000000000000000100000000000000000000000000000000000000000000000000000000000000000000000000000010000101000000000000000000000000000000000000000000000000000000000000000000000000000000000000000000000000000
000000000000000000000000000000000010000000010000000000000000000000000000010000000000000000000000000000100000000000000000000000010000000000000000000000000001000000000000001000000000000000000000000000000000000000100000000000000000000000000000000000001000000000000000000000000000000000000000000000000000
000000000000000000000000000000000000000000000000000100010000000000000000000000000000000000000000011000000000000000000000000001000000000000000000001000000000000000000000000000000000000000000000000000000000000000000000000000000000000000000000000000000000000000000000000000000000000000010000000000000000
000000000000000000000000000000000000000100000000000000000000000000000001100000000000000000000000000010000000000000000000000100000000000000000000000000000000000001000000000000000000000000010000000000000000000000000000000000010000000000000000000010000000000000100000000000001000000000000000000000000000
000000000000000000000000000000000000000000000000000001000000000000000000000010000010000000000000000000000000000010000000000000000000001000000000000000000000000000000000000000001000000000000000000010000000000000000000000000000000000000000001000000000000000000000000000000000000000000000000000000000000
000000000000000000000010000000000000000000000000000000000000000000000001000000000000000000000000000000000000000000001000000000010000000000000000000100000000000000000000000000110000000000100000000000000000010001011000000100000000000000000000000000000000000000001000000000000000000000000000000000000000
000000000000001000100000100000001000000000001000000000000000000000000000000000000000000000000000000000000000000000000010000000000000010010000000000000000000000000000000010000000000000000000000000000000000000000000000000000000000000000010000000000000000000000010000000001000000000000000100000000000000
000000000000000100000000000000000000000000000000000000000000000000000000100000000100000000000000000000010000000000000000000010000000010000000000001001000000000000000000000000000000100000000000000000000000000000000000000000000000000000000000000000000000100000000000000000000000010000000000000000000000
000000000000000000100000000000000000000000000000000000000000100000000000000000000000000000000000010000000000000000000000000000000000000000100000000000000000000000000000000000000000000000000010000000000000000000000000000000000000000000000000000000000000000000001000000000000000000000000000000000000000
000000000000000000000000001000000000000000000000000000000100000000000010000000000010000000000000000000000100000000000000000000000000010000000100000000000000000000000000000000000000100000000000000000000000000000000001000000000000000000000000000000000000000000000000000000000000000000000000000001000010
000000000000000000000000000000000000000000000000000000000000000000000000000000000000000000000000000001000000000000000000000000000000000000000000000000000000000100000000000000000000000000000000000000000001000000000000000000000000000000000000000000000000000000000000000000010000000000000000001010000000
100000100000000000000000000000000000000000000000000000000000000000000000000000000000000000000000000010000000000000000000000000000000000000000000000000000100000000000000000000000000000000000010000000000000000000000000000000000000000000000000000000000000000000000000000000000000000000000000000000000000
000000000000000000000000000000000000010000100000000000110000000000000000000100000000000000000000000000000000000000000001000000000000000000000100000000000001000000000000000000000000000000000000000000000000000000000000000000000101000000000000000000010000000000000000000000000000000000000000000000000000
000000000000001000000000000010000000000000000000000000000000010000000000000001000000000000000000001000000000000000000000000000000000000000000000000000000000000000000000000001000000000000000000000000000000000000001000000000000000000000000000000000000000000000000000000000000000000000000000000000000000
000000000010000000000000000000000000000000000010000000000000000000000000000000001000000000000001000000000000000000000000000000000000000000000000000000000000000000000000000000000000001100000000000000000000000000000000000000000000000000000000000000000000000000000010000000100000000000000000000000000000
000000000000000000000000000000000000000000000000000000000000000000000000000000000000000000000010000000000000000000000000000000000000000000000000000000000000000000000001000000000001000100000000000000000000000000100100000000010000000100000000000000000000000100000010000000000000000010000000000000000000
000000000000000000000000011000000000000000010000000000000000000000000000000000000000000000000000000000000000000000000000000000000000000000000000000000000100000000000000000000100000000000001000000000000000000000000000000000010010000100100000000000000000000000000000000000000001000000000000000000000000
000000000000000000000000100000000000010000000000000000000000000000000000000000000000000000000000000001000100000000000000001000000000000100000000000000000000000000000000000000000000000000000010010000000000000000000001000000000000000000000000000100000000000100000000000000000000000000000000000000000001
000000000000000000000000000000000000000000000000010000000000000000000000000000000000000100000000000000000000000010000000000000100000000000000000000000000000000000000000000100000000000000000000000000000000000000100000000000000000000000100100100000000000000000000000000000000000000000000000000000000000
000000000000000000000000000000000000000001000000000000000000000000000000000000000000000000000000000000000000000000000000000000000000000000000000000000000000000000001000000000000000000000000000000000000000000000000000000000000000000000000000000000000000000000000000000000000000000000000000000000000000
000000000000000000000000000000000000000000000000000001000000000000000000000000000000000000000000000000100000000000000000001000000000000000000000000000000000000000100000000000000000000000000000000010000000000001000000000000000000000000000000000000000000000000000000001000000000000000000000000000000000
000000001000000000000000000000000000000000010000100000000000000000000000000000000000000000000000000000000000000000000000000000001000000000000000000000000000000000000100000000000000000000000010000000000000000000000000001010000000000000000000000000001001000000000000000001000000000000000000000000000000
000000000000000010000000000000000000000000001000000100000000000001000000000000000000000000000001000000000000000000000000000000000000000100000000000000000000000010000000000000000001000010000000000000000000000000000000010000000000000000000000000000000000000000000000000000000000000000000000000000000000
000000000000000000000000000000000000000000000010000000010000100000000000000000000010000100000000000000000000000000000000000000000000000000000000000000000000000000000000000000001000000000000000000000000100000000000000000000000000000000000000011000001000000000000010001000000000000000000000000000000000
000000000100000000001000000000000000000000000000000000000000000000000000000000000000000000000001000000000000000000100000000001000000000000000000000000100000001000000000000010000010000000000000000000000000100000000000000000001000000000000000000000000000000000010000000010001000000000000000000000000010
000000100000000000000000000000000000000000000000000000000000000000000010000000000000000000000000000000000000000101000000000000000000000000000000000000000000000000000000000000000000000000000000000000000000000000000100000000000000000000000000000000000000000000000000000000001000000000000000000000000000
000000000000000100010000000000000000000000000000100000000000000000000000000000000000000000000001000000000000010000000000000000000000100000000000000000010000000100000000000000000000000000000000000000000000000000000010001000000000000000000000000000000000000010000000001000000000000000010000000000000000
000000000000000000000000000011000000000000000000000000000000000000001000000000000000000000000000000000001000000000000000000000000000000000000000000000000000000000000000000000000000000000000001000000000000000000000100000001000001000000000000000000000000000000000000000000000100000000000001000000000000
100000000000000000001000000000100000000000000000000000000010000000000000000000001000000000000000000000000000000000000000000000000000000000000000000001000000000000000000000000000000000000000000000000000000000100000000000000000000000000000000000000000000000000000100000000000000000010000000010100000100
100000000001000000000000000000000000000000000001000000000000000000001000000000010000000000000000000000000000000000000000000000000000000000000000000000000000000000000000000000000000000010000000000000000001000000000000100000000000000000000000000000000000000000000000000000000000000000000000000000000000
000100000000000000000000000000000000000000000000000000000000000000100001000000001000000000000000010000000100100000001000000000000000000000000000000000000000000000000000000000000000000001000000000000000000000000000000000000000000000000000000000000000000000100010000000000000000000000000000000000000010
000000000010010000000000000000000000000000010000000000000000000000000011000000010000010000000000000000000001000000000000000000000000000000000000000100000000000000000000000000000000000000000100100000000000000000000000000000001000000000000000000000000000000000000000000000000000000000000000000000000000
001000010000110000000000000000000001000000000000000000000000000000000000000000100000000000000000000000000000000000000000000000000000000000000000000000000000000000001000000000000000000000000010000000000000000000000000000000000000000000000000001000000000000001000000000000000000000000000000000000000010
000100000000000000000000000000000000000000000000000000000000000000100000000000000000000010000000000000000000000000000000000000100000000000000001000000010000010000000100000000000000000000000000000000000000010000000000000000000000000000000000000000010000000000000000000000110000000000000000000110000000
000000000000000000000000000000000000000000000000000000000000000000000000000000000000100000000000000000000000000000100000000000000000000000000000000000000000000000000000010000010000000000000000000000000000000000000000000000000000000000000000000000000000000001000000000000000000000000000000000000000000
000000000000000001000000000000000000000000000000000000000000000000000000000000000000001000000000000100000000000000000000000000000000000000000000000000000000000000000000000000000000000000000000000000000000000000010000000001000000000000001000000000000000000000000000000000000000000010000000000000000000
000000000000000000000000000000000000000000000000000000000000000000010000000000000000000000001000000000000000000000000000000000000000100000000000000000010000000000000000000010000000000000000100000000000000000101010010000000000100010000000000000000000000000000000000000000000000000000000000100000100000
000000000000000000000010000000000000000010000001000000000000000000000000000000000000000000000000000000000000000001000000000000000000000000000000000010000000000000000000000000000000000000000000000000000000000100000000000001000000000000000000000000000000000000000000000000000000000000000000000000000100
000000000000000001000001000000000000000000000000000000000000000000000000000000000000000000000000000000000000000000010000000000000000000000000000000000000000000000000000000000000000000000000000000000000000000000000000000000000000000000000000000000000000000000000000000000100000000000000000000000000000
000000000000000000000000000000000000000000000000000000000000000000000000000000000000000000000000000000000000000000000000000000000010010010000000000000000000000001000000011000000000000000000000000000100000100000000000000000000000100000000000000000000000000000000000000000000000000000000000000010000100
000100000000000000000000000001000000000000000000000000000000000010000000000000000000000000000000000000000000000000000000000000000001000000000000000000000000000000000000000000000000000000000000000000000000000000000000000000000000000000000000000000000000000000000010000000000100000100000000000000000000
000000100000000010000000000000000000000100000000000000000001000100000000000000000000000000000000000010000000000000100000000000000000000100000000000000000000000000000000000000000000000000000000000000000010000000000000000000000101000000000000000000000000000000000000000000000000000000000000000000000000
000000000000000001000000000000000001000000000000000000000000000000000000010000000000000000000000000010100010000000100000000000000000000000000000000000000000000000000000000100000000000000000000000000000000000000010000000000000001000010000000000000000000000000000000000000000000000000000000000000000001
001000000000000000000000000000000000000000000000000000000000000000000000000001000100100100010100100000010000000000000000000000000000100000000000000000000000000000000000000000000000000000000000000000000000000000000000000001101000000000000000000000000010000000000010010000000000001000100000000000000000
000000000000000000000000000000000000000001000000010001000000000000000000000010010000000000000000000000000000000000000000000000000000000000000000000010000000000000000000000000000000000000000000000000100000100000000000000000000000000000000000000000000000001000000000000000000000000000000000000000000010
000000000000000000000000000000000000000000000000000000000000000010000000000010000000000000000000000000000000000000000000000000000000000000000000001100000000000000000100000000000000000000001000000000000000000000000000000000000000000000000000000000000000001001000000000000000001000000000000000000000000
000000100000000000000000000000000000000000000000000000000000000010000000001000000000000000000000000000000000000000000000000000000000000000000000001000000000000000000000000010000000000000000000000000000000000000000000000000000000000000000000000000000000010000000000000000000000000000000000000000000000
000000000000000000000000000000000000000000000000000000000100000000000000000000000000000000000000000000000000000000000000000000000000000000000000000010010000000000000000000010000000000000000000000000000000000000000000000000000000000000000000000000000000000001000000000000000000010100000100000000010000
000000001000000000000000000000000000000000000000000000000000000000000100000000000000000000000000000000000000000000001000000000000000000001000000000000000000000000010000000000000000000000000000000010000000000000000000000000000000000000000000100000000000000000000001000000100001100000000000000000000000
000000000000000000000000000000000000100000000000000000000000000000000000000000000000000000000000000110000000000000100000000000000000000000000000000000000000000000000000000010000000000000000000000000000000000000000000000010000000000000000000000000000000000000000000000000000000000000000000000000000000
000000000000000000000000100000000000000000000000001000000000000000000000000000000000000000000000000000000001000000000000000000000000000000000000000000000000000000000000000001000000000001001000000000000000000000000000000000001000000000001000000000000000100010000000000000000000000000100000000000010000
000100010000000000000000000000001000011000000100010000000000000000000000000000000000100000000000000000000000000000000000000100000000000000000000000000000000000000000000000000000000010000000000000000000000000000000000000000000000000000000000000000000000000010000000000000000000000001000000000000000100
000000000000000000010000000000000010000000000000000000000000100000000000000010000000000000100000100000000010000000000000000000000100000000000000000000000000010000000000000000000000000000000100000000000000000000000000000000000100000000000000000000000000000000000000000000000000000000001000000000100000
000000000000000000000001000000000000000000000000010000000100000001000100001100000000000000000000000000000000000000000000000100000000000000000000000000000000000010000000000000000000000000000000000000000000010000000000000000001000000000010000000000000000100000000000000000100000000000000000000000000000
000000000000000000000100000010000000100000000100000000000000000000000000000000000000000000000000000000000000000000000000000000000000000000000000000000000000000000000000000000000000000000000010000000000000000000000000000000000000000000000000000000000000000000000000000000100000000010000000000000000000
000000000000000000000000000000000000100000000000000000000000000000000010000000000000000000010000000000010000000000000000000000000000000000000000000000000000000000000000000000000000000000010000000000000000000000000000000000000000000000000000000000000000000000000000000000000000000000001000000000000000
000000000000000000000000000100000000000000000001000000000000000000000000000100000000010000000000000000000000000010000000001000000000000000000100000000000000000000000000000000000000000000000000000000000000000000000000000000000000100000000000000000000000000000000000000000000000000000000000000000000000
000010000000000000000000001000000000000000000000000000000000001000000000000000000000000000000000000000000000000000000000000000000000000000000001000000000000000000000000000000000000000000000000000000000000000100000000000000000000000000000000000000000000010001000000100000000000000000000000000000000000
000000000000000000000000110000000000000000000100000000000000000100000000000000001100000000000000000000010110000000000000000000000000000000000000000000000000000000000000000000000000000000010000000000001000000000000000000000000000000000000000000010000000000000000000000000000000000000000000000000000000
010100000000000000001000000000000000000000000000100000000000000000000000000000001000000000000000000000000000000000000000000000000000000000000000000000000000000000000000000000000000000000000000000000000000000000000000000000000000100000000000000000000000001000000000000000000000000000000000000000000000
000000001000000000011000000000000000000000000000000001000000000000000000000000000000000000000000000000000000000000000000000000000000000000000000000000000000000000000000010000000000000000000000000000010000000000000000010110000000000000000000000000010000000110000000000000000000000000000000000000000000
000000000000000000010010000000000000000000010000000000000100010000000000000000001000000000100000000000000000000000000000000000000000000000000000010000000000010000000000000000000000000000000000000000000000000000000000000000000000000000000100000000000000000000000000000000000000000000000000000000000000
000000000000000000000000000000000000000000000000000000000000000000000000000000000000000000000000010000010000000000000000000000000000000000000000000000001000000000000000000000000000000000000000000000000000000000001000000000000100000000000000000000000000000000000000000000000000000000000000000000000000
000000000000000000010000001000000000000000000000000000000000000000000000000000000000000000000000000000000000000000000000000000000110000000000000000000000000000000000000000000000000000000000000000000000000000000000000000000100000000000000000000000000000000000000000001010000000000000000000010000000000
000000000000000000000000000000000000000000000010000000000000000000000000000000000000000000000001000000000000000000000000100000000000000000000000000010000000000000000010000000000000000000000000000000000000000000000000000000000000000000000000000000000001000000000000000000000000000000000000000000000000
000000000000000000000000100000000000000000000000000000000000000000000000000000000000000000000000000000000000000000000000000000000000000000000000000000000000000000000000000000001100000000010000000000000000000000000000000000100000000000000000000000000000000000000000000000000000000000000000000000000000
000000000000000010000000000000000000000000000000000000000000000000001000000001000000000000000000100010000000000000000000000000000000000000000000000000000000100000000000001000000000000000000000000000000000000000000000000000000110000000000000000000000000000000000000000000010000000000000000000000000000
000000000000000000000000000000000000000000010000000000000000000000000000000000000000001000000000000000000000000000000000100000000000000000000000000100000000000000000001000000000000000000000000100000000000000000000100000000000000001000000000000000000000000001000010001000000000000000000000000100000000
010001000000000001000001000000000000000000000000000000000000000000000000000000000000000000000000000000000100000000000000000100000000000000001000000000000000000000000010010000000000000001000000000000000000010000000000000000000000000000000000000000000000000000000000000000000000000000000000000000000000
000000000010100000000000000000000000000000000000000000000000100000000000010000000000000000000000000000001000000001000000000000000000000000000000000000000000000000000000000000000000000000000000000000000000001000000000000000000000000000000000000000000000001000000000000000000000000000000010000000000000
000000000000000000000000000000010000000000000000000000000000000000000000000000000000000000000000000001000010000000000000000000000000000000000000000000000000000000000000000000000000000000000000000000000100011001000001000010000000000000000001000000000000010000000000000000000000000000000000000000000000
000000000000000000000000000000100000000000000000000000000000000010000010000000000000000000000000000000000000000000000000000000000000000000000000000000000000000000000000000000000000100000001000000000000000100000000000000000100000000000000000000000000000000001000000000000000000000010000000000000000000
000000000000000000000000000000000000000000000100000001000000000000001000000000000010000000000000000000100000000000000000000000000000000000000000000000000000000000000000000000000000000000001001000000000000000000000000000000000000000000000000000000000000000000000100000000000000000000000000000010000000
000000000000000000000000000000000000000000000000000000000000000000000000000000100000000000000000000000000000101001000000000000000000000000000000000000000000000000000000000000000000010000000000000000000000000000000000100000000000000000000100001000000000000000000000000000000000000001000000000010001000
000000000001000000000000000000000000010000000100000000001000000000000000000000000000000000000000000000000000000000000000000000000001000000100000000000000000000000000000000000000000000000001011000000000000000000000000000000000000000000000000000000000000000000000000000000000000011000000000000000000000
000000000000100010000000000000000000000000000000100000000001000000000000000000000000010000000000000000000000000000000000000000000000000000000000000000000000001000000000000000000000000000000000000010000000000000000000000000000000000000000000000000000000000010000000000000000000100000001001000000100000
000000000100000000001000000000000000000000000000000010000000100000000000000000000000000000000100000000000000001000000000000000000000000000000000000000000000000000000000000000000000000001000000000000000000000000001000000000000100000000000000000000000000000000000000000000000000000000000000010100000000
000000000000000000000000000010000000000100000000000000000000000000000000000000000000000000000000000000000000000000000000000000000000000000000000000001000000000000000000000000000000000000010000000000000000000000000000000000000000000000000000000010000000001000100000000000000000000100000000000000000000
000100000000001000000000000000000000000000000000000000100000000000000000000000000000000000000000000000000000000000000000010000000000000000000000000000000000000000000000000000100000000000000001000000000000000000000000000000000000100000000010000000000010000000000000000000000100000000000000000000000000
000000000000000000000100000001000000000000000010000000000000000000000000000000000000000000000100000000000000000000000000001000000000000000000000000000000000000100000000000000000000000000010010000000000001000000000000000000000000010000000000000000000000000000000000000000000000000000000000000100000000
000100000000000000000000000000000000000000000000000000000000000000000000000000000000010000000000000000000000000000000000000000000000010000000000000000000000000000000000000000000000001000000000000000000000000000001110000000000000000000000000000000000100000000000000000000000000000000000000000000000000
000000000000000000000000000000000000000000000000000000001000000000000000000000000000000000000000000000000000000000000000000000000000000100000000000000000000000000010000000000000000000000000000000000000100000000000000000000000000000000000000001000000000001000000100000000000000000010000100000000000000
000000000000000000000000000000000000000000000000000000000000000000000000000000000000000000000000000000000000000000000000000000000000010001010000000000001000000000000000000000000000100000000000000000000001010000000000000000000000000000000000000000000000000000000000000000000000000000000000000000000000
000000000000000000000000000000000000000000000010000000000000000000000000000000000000000000000000000000000000000000000000000000000010000000000000000000000000000000000000000000000000000000000000000000000001000000000000000000000000000000000000000010000000000000000100000000000000000000000000000000000000
000000000000000000000000000000000000000000000000000000000000000010000000000000000000000000000000100100000000000000000000000000000000000100001000000000000000000010000000000000000000000000000000000000000000100000000000000000000000000000000000000100010000000000000000000000000000010000000000100000000000
000000000000000000000000001000100000100000000000000000000010000000000010000000000001000000000010000000000000000000000000000000000000000000000000000000000000000000000000000000000000000000000000000000000000000000000000000000000000000000000000000000000000000000000100000000000000000000000000000000000000
000000000001000000100000000000000001000000000000000100000000000000000000000000000000001000000000000000000000000000000000000000000000000000000000000000000000000000000000000000000000000000000000000000000000000000100000000000000000000000000000000100000000000000000000000010000000000000000100000000000000
000000000000000000000000100000000000000000000000000000000000000000000000000000000000000000000000000000000001000000000000000000000000000000000000010000000000000000000000000000000000000000000000000000000000000000000000000000000000000000000000000001000000000000000000000000000000000000000000000000000001
000000000000000000000000000000000000000000000000000000000100000000000000000000000000001000000000000000000000000000000000000000000000000000000000000000001000000000000000000000000000000000000000000000000000010000000000000000000000000000000000000000001000000000000000000000000000000000000000000000000000
000000000000000000000000000000000001000000000000001000000000000000000000001000000000000000000010000000000000000000000000000000000000001000000000000000000000000000000000000000000000000000010000000000000000000100000000000000000000000000000000000000000000001000000001000000000000000000000000000000000000
000010000000000000000000000000000010000000000000001000000000000010000000000000000000000000000000000001000000000101000000000000010000000000000000000000100000100000000000000000000000000000000000000000000000000000000000000000010000000000000000000000000000000000000000000000000000000000000000000000000000
000000000000000000000000000000000010000000000000000000000000000000001000000000000000000000000000000000000000010000000000000000000000000000100000000000000000000000000011000000100000000010000000000000100000000000000000000000000000000000000000000000000000000000001000000000000000000000000000000000000000
000000000000000000001000000000000000100000000000000000000000000000000000000000000000000000000000000000000000000000000000000000100000000000000000000000000000000000000000000000000000000000000100000000000000000000000000000000000000000010000000000001000010000000000000010000000000100000000000010000000000
000000000000000100001000000000000000001000000000000000000000000000000000000000000000000000000000000000000000001000100000001000010000000000000000000000000000000000000000000000000000000001000000000000000001100000100000000000000000000000000000000000000100001100000000000000000000000000000000000000100000
000000000000000000000100000000000000000000000000000001000000000000000000000000000000000000000000000000000000100000000000000000000000000000000000000010000000000000000000000000000000000000000000010000000000100000000000000000000000000000000000000001010000000000000000010000000000000000000000000000100000
100000000000000000000001000000100000000000000000000000000000100000000000000000010000000000000000000000000001000000000000100100000000000000100001000000000000000000000000100000000000000000000000000000000000000000000000000000000000000010000000000000000100000000000000000000000010000000000000000000000000
000000000000000000100000000000000010100000000000000000000000001000000000000000000000000000000000000000000000000000000000000000000000000000000000000000000000000010000000000000000000000000000000000100000000000000000010000100000000000000000000000000100000000010000000000000000000000000000000000000000000
000000000000000000000000010100000000000000000000010000000000000000000000000000000000000000100000000100000000000100000000000000000000000000000000000000000000000000000000000000000000000000000000000000000000000000000000000000000000000000000000000000000000010000000001000000000000000001000000000000000000
100101000000001000000000000000001001000000000000000000000000000000001010000000000000000000000000100000010000000000000000001000000000000000000000000000000001000000000000010000100000000000000000000000000000000000000000000000000000000000000000000000000000000000000000000000000000000000000100000000000001
000000000000000000000000000000000000000000000000000000000000000000000000000000000000000000000000000000000000000000000000000001000100000000000000000000000000000000000000000000000000000000000000000000000000000000000000000000000000000000000000000000000000000000000000000000000010000000001000000000000000
000000000000000000000000000000000000000011000000000000000000000000000000000000000000000000000100001000000000000000000000000000000000000000000000000000001000000000000000000000000001000000000000000000000000000000000000001000000000000000110000000000000000000000000000000000000000000000000000000000000000
100000000000000001000000000000000000100000000000000000000000100000000000000000000000010010001000000000000000000000000000000000000000000000000000000000001000000000100000000000000000000000000000000000000000000000010000000000001000000000000000000000000000000000000000000000000000000100000000000000001000
000000000000000000000000000100001010000000000000000000000000000000000000000000000000000000000000000000010000001000000000000000000000000000000000000000000000000000000000000000000000000000000000000000000000000000001000000000010010000000000010000000000000000000000000000000001100000000000000000000000100
000000000000000000000000001000000000000000000000000000000000000000000000000000000000000000000000000000001000000000000000000000000000000000000000010000000000000000000000000000000000000000000000000000000000000000010000000000000000000000000000000000000000000000000000000000000000000000000000000000000000
000000000100000000000000000000000000000000000000000000000000000000000000000000000000000000010001000000000000000000000000000000000000000000000000000000000010000000000000001000000000000000000010000000000000000000000000000000000000000000000000000000000000000000000000000100000000000100000000000001000000
000000000000000000000000000000000000000000001000000000000000000000010000000000000000000001000010000000000000001000100000000000000000000000000000000000000000000000000000000000000100000000000000000100000000000000000000000000000000000000000000000000000000000001000000000000000100000000000000000000000000
001000001010000000010010000000001000000000000000000000000000000000000000000000100000000000000100000000000000000000000000000000000010000000000000000000100000000000000000000000000000000000000000000000000000000000001000000000000000000000000100000000000100000000000000000000000000000000000000000000000000
000000000000000000001000000000000000000000000000000000000000000000000000000000000000000000000000000000000000000000000000000000000000000000000000000000000010000000000000100000010000000000000000000000000000000000000000000000000000000000000000000000000000000000000000000000000000000000000100000000000000
001000000000000000010000000000000000000000000000000000000000000000000000000010000000000000000000000000000000000100000000010000000000010000000000000000000000000000000100000000000000001000000000100000000000000000000000000000000000000000000000000000000000000000000000000000000000000000000000000001001000
000000000010000000000000000000000000000000000000010000000000000000000000000000000010000101000000000000000000000000000000000000000000001000020000000000000000000100000000000000000000000000000000000000000000000101000010100000000000000000000000000000000000000000000010000000000000000000000000000000000000
001000000000000000000000000000000000000000100100000000000000000000000000000000000000100010000000000000000000000010000000000000000000000000220000000000000000100000000000000000000000000000000000000000000000000000000000000000000000000000000000000000000001000000000000000000000000000000000000000000000000
000000010000000000000100000000000000000010000000000000000000000000000000000000000000000000000000000000000000000000000000000000000000000000002200000010000000000000000001200000000000000000000000000000000000000000000000000000000000000000000000100000000000000000000000000000000000000000000000100000000000
010000000000000000000000000000100000000000000000000000000000000000000000000000000000000000000010000000000000000000000000000000000000000000100200000000000000000000000002200000000000000010000000000000000000000000000001000000000000000000000000000000000000000000000000000000000001000000000000000000000000
000000100000000000000000000001000000000000000001000000000000000010000000000000000000000000000000000000000000000000000000000000000000000000000200010200000000000000000000200000000000000000001000000000000000000000000000000000000000000000000000000000000001000000000000001000100000000000000000100000001000
000000000000000000100000000000000000100000000000000000000000000000000000000000000000000000000000000000000000000000000000000000001000000000000200222222222222222222222222000000000000000000000010000000000000000000000000000000000000000000000000000000000000000000000000000000000000000000000000000000001000
000000000000000000000001000000000000000000000000000010000000000000000001000000100000000100000000000000000000000100000000000000000000000000000200220222202202200100010220000220000000000000000000000000000000000000000000000000000000000000000000000000000000000000000000000000000010001000000010000001000000
000000000000000000000000000010001000000000000001000000000000000000000000000000000000000000000000000000000000000000100000000000000000000001000222200022002222222222222222222222222000000000000010000000000000000100000000000000000000000000001000000000000000000000000000000000000000000000000100000000000000
000000000000000000000000000000000000000100000000000000000000000000000010000000000000000000000000000000000000000000000000000000000000000000002222220020002200202000220022200202200000000000000000000001010000000000000000000000000000000000000100000000000000000000000000000000000000000000000000000000010000
000000000100000000010000000000000000010010000000000000000000000010000000000000000000000000000000000000010000000000000000000000000000000000002222222222202222220200222022200200200000000000000000000000000000000000000000000000000000100000000001000000000000000000000000000000000000000000000000000000001000
000000000000010000101000000000000000000000000000000000000000000000000000000000000000000000100000010000000000000000000000000000000000000000002202201222222222222000202022200202220000000000100000000001000000000000000000000000000000000000000000000000000000000000000000000010000000000000000000010000000000
000000000100000000000000000000000000000000000000000000000000000000000000010000000000000000000000000000000000000000000010010000000000000000002222222222222220020000222222222222222222200000000000000000000000000000000000000000000000010000000000100100000000000000000000000000000000000000000000000000000000
000000000000000000000000000000000000000100000000000000000000000000000000000000000000000000000000000000000000000000000000000000010000000000002002220222200000200000022222200200000000001000000000000000000000000000000000000010000000000000000000000000000000000000000000000000000000000000000000000000000000
000000000000000000000000000000000000000000001000000000000000000000000000100100100000000000000000000000000000000000000000000000000000000000022222222022000000000000000000222000000000000001000000000000000000000000001000000000010000000000000000000010000000000000000100000000000000000000000000000000000000
000000000000000000000010000000000000000000000000000000000000000000000000000100000000000000000000000000001000000000000000100100000000000000002202220022000000000000000000210000000000000000000000000000000000100001010000000100000000000000001010000001000000000000000000000000000000000100000000000000000000
000000000000000000010000000000000000000010000000001000000000000000000000000000001000000000000000000000000000000000000000000000000000000000002002220022200000000001220000200000001000100000000000000000000000000000000000000000000000000000000000000000000000000000000010000000000000000000000100000000000000
000000000000100100000010000000000000000000000000100000000000000000000000000000010000000000000000000000000000000000000000000001000000000000002202220022000000000000020000200000000000000000000000000000000001000000000000000100000000000000000000000000000000000000000001000000000000001000000000000000000000
000000000000000000010000000100000000000000000100000100000000000000000000000000000000000000000000000000000000000000000000000000000000000000002002220022000000000001002001200000000000000000000100000000000000000000000000000000000000000000000000000000001000000000000000000000000000000000000100000000000000
000000000000000000000100000000000000010000000000000000000000000000000000000000000000000000000010000000001000000000000000000000100000000000002012222222222220000000020000200100000000000000000000000000000000000000001001000000000000000000000000000000000100000000000000000000000000000000000001010000101000
000000000100010000000000000000000000000000000000010000000000000000000000000000100000000000000000000000000000000000000000000000000000000000002002220000000220000000002202200000000001000000000000000000000000000010001000010000000000000010000100100000000000000001000000000000000000000100000000000000000000
100000000000000000000000000000000000000000000000000000000000000000000000000000000000000000000000000010000000000000001000000001001000000100012002221200002220000000000020200000000000000002000000010000000010000000000000000000010000000000000000000000000000000000000000100100100000000000000100000000000000
001000000000000000000000000001000000000000000000000000000000000000000000000000000001000000000000000000000010000000001000000000000001000000002202222200000200000000000000210000000000000020200000100000000000000000100000000000000000000000000000000000000000000000010000000000000000000000000000001000000000
000000000000100001000100000000000000000100000000000000010000000000000000000000000000000000000100000000000000000000000000000201000000000000022002022000000200000002000001200220000000000220000000001000000000001000000000000000010000000000000000000000000000000000001000000000000000000000000000000000000000
001000000000000000010000000000000000000000010010000000000000000000000000001000000000000001000000000000000000000000010000000200000010000000022002220000000200000022222222222222222222222222222222222220000000000000000001000000000000000000000000000000000000000000000000010000000000000000000000000000000000
000000000000001010000000000000000000000000100000000000000000000000000000000000000000000000000000000000000000000000000000000200000000010010002002220000010200000202020000222222220000020000000000100020000000000000000000000001000000000000000000000000000000000000000000000000000000000000000000000000000000
000010000000000000000000000000000000000000000000000000000000000000000000000000000000000000000000000000000000000000001000002222002002000000002222222222222222222022002000020000020000020000000010000020000000000000000000000000000000000000000000000000001000000010000000011000000000000000000000000000000000
000000001000000000000000000000000000000000000000000000000000000000000000000000000000000000000000000000001000000000000000012200222202200000222202220000000200002002002000000000020001021000000000000120010000000000000000000000010000001000000000000000000000000000000000000000000000000001000000000000000000
000000000000000000000000000000000000000000000000000000000000000000000000000000000000000000000000000000000000000010000200020222222222222222222222220000102200002002000221000000020000020000000000000020000000000000000000000000000000000000000000000000000000000000000001000000000000000000100000000000001000
000000000000000000010000000000000000000000010000100000000000000000000000000000000000100000000000000000000222222222222222222222222200200202222222020000102200002222222222000000020000020000000000001020000000001000000000000000000000000000000000000000000000000001000000000000000000000000000000000000000000
000000000000000001000000000010000000000000000000000000000000000000000000000000000010000000000000100000000200200000000000020202202222222222222222020000000200022002222220000000020000020000000000000020000000000000000000000000000010000000000000000000000000001100000000010000000100000100000000000000000000
000100100000000000000000000000100000000000000110000000000000000000000000000000000000000000000000001000000202220000200000022200222002200000200222222200000200220002100220000000020002220000000000000020000010000000000000000000000000000000000000000000000000000000000000000000000000000000000000000000100000
000000000000000000000000000000000000000000000000001100000000000000000000000000000000010000000000000000000220020000210000022202022220000000200222222000000210101002000220000010020002020000002200200020000000000000000000000000100000000000000100000010010000000000000001000010000000000000000000000000000000
000000000000000100000000000000000000001000100000000000000000100000100000000000010000000000000000000100100200200000222222222200222200000000202220020000000200000002000220000000020012020000222222222220000000000000000000000000000000000000000000000000000000000000000000000000000000000000000000000000000000
010000000000000000000000000000001000000000000000000000000000000000000000000100000010001000000000000000000200020000200000222200022200001000200220020000000200000000000220000000020002020000222000222000000000000000000000000000000000000000000000000000000000000000000000000100000000000000000000000000000000
000000000000000000000000000000000000000000000000000000000000000000000000000000000000000000000000000000000202200000220001022000002020000000200220020000000200000002200220000000122222222000020000000000000000100010000000000000000000000000000000000000000000000000000000000000000100000000000000000000000000
000000000000000000000000000000000000000000000000010010000000000000000000000000000000000000000000000000000220000000200000220001002000100000222220020000100200000022222222200000122202202000120000001000000000000000000000000000000010000000000000000000000000000000000100000000000000000010000000000000000100
000010000000000000000000100000000000000000000000000000000000000000000000010000000000000000000000000000000220000000200000000000002000000000210222020000000200000220022222200000022002002220020100000000000000000000000000000000000000000000000000000000001000000000000000000000000000000000000000000000000000
000000000000000000000000000000000001000000000000000000000000000000000000000001000000000010010000000000000200000000200010000000002000000000200222222222200201022222222222200000020002002020020000000000000000010100000000000001000000000000000100100000000000000100000000000000000000000000000000000000000000
000000000000000000000000000001000000000010000000000000000000000000010000001000000000000000000000000000022222222222200000000000002000010000200000000000000200022220022222200000021002002200020000000000000100000000000000000100000000000100000000000000000000000000000000000000000000000000010000000000000000
000000000000000000000000000000000100000000000000000000001000000000000000000000000000000000000000000000002200000000000001000000000000000010000000000000000200000022022222200000020002002000020000000000000000000000000000010000000000000000000000000000000000000000000001000000000000000000000000000000000000
000100000000000000000000000000000000000000000000000000000000000000000000000000000000000000000000000000002200000000000000000000000000000001000000000000010201000222222222200001022202222222220000000000000000000000000000000000000001000000100000000000000100000000000000000000000100000000000000000000000000
000000000000000000000000000000000000000000000001000000000000000000000000000000010000000000000000000000000000000000001000000000000000000000000000000000000200000022220222202000000220222220020001000000000000000000000000000000000000000000000000000000000000000000000010000000001000000000010000000000000000
000000000000000000000000000000000101000000000000000000000000000000000000000000000000000000010000000000000000000000000000000000000000010000000000000000000200000000220220220200000222020020000000000000000000000000000000000000000000000000000000010000100000000010000000000000000000000000010000000001000000
000000000000000001000000000000000010000000000000000000000000000000000000000001000000000000000000000000000000000000000000100000000000000000010100000000000222222222220200220000000020000000000000000000000100000000000000000000000010000000001000000000000010000000000000000000000000000000000000000000000000
000000000000000000000000000000000000100000000000000000000000000000000000010000000000000000000000000000000010000000000000000000000001000000100100000000000222200000021200200100000000100000010000010000000000000100000000000000000000000000000000010000000000010000000000010000000000000000000000000000100000
000000000000010000000000000000000000000001000000000000000000010000000000000000000000001001100000000100000000100000000000000000000000100000000000000000002222222222020222200000000000000000000000100000000000000000000000000000000000000000000000000000000000000000000000100000000000000000000000000000100000
000000000100000000000000000000000010000000000000000000000000000000000000000100000010000000000000000010000000010000000000000000000000000100000000000020222220000002022200200000000000000000000000000000010000000000000101000000000000000001000000000000000000000000000000000000000000001000000000000010000000
000000000000000000000000000000000000000000000010100000000000000000000000000000000000000000000010000000000000000000000000000000000000000000000000000002022220000002222000200000000010000000000000000000000000000000000000000000000000000000000000000000000000000000000000000000000000000000000000010000000000
000000100000001000000000000000000000000000000000000001000000000000000000000000000000000000000000000000000000000000000000000000000000000000000000100000002220000002222000200000201000000000000000000000000000000000001000000000000000000000000000000000000000000100000000000001000000000000000000000100000100
000000000000000000000000000001000010000000000000000000000000000000000000000000000000010000000000000000000000000000000000000000000000000000000001000000012220000000002000222222222220000000000010000000000000000000010000000000000000100001000000000100000100000000000000000000000000000000000000000000000000
000000000000000000000110000000000000100000000000000000000000000000000000000000000000000000000000000000000000000000001000000000000000001000100000100000002221000000002000000020012220000000000000000000000000000000000110000001000000000000000000001000000000000000000000000100000000000000000000000000000000
000010000000000000000000000000000010000000000000000000000000000000000000000000000000000000000000000000000000000000000000000000000000000000000000000000002220000000002000000020000000000000000000000000000000000010000000000000000000000000000000100000000000000000000000000000000001000000000000010000000000
000000000000000000010000000000000001000000000000100000000000000000000010010010000000001000000000000000000000000000000000000000000000000000000100000000002222220000002001000020000000000000000000000000000010000010000000010000000000000010000000000000000000000000000000000000100000000000000000000000000000
000000000000000000000000000000000000100000000000000000000000000000000000000000000000000000000000000000000000000001000000000010000000000000000000000000000020000000002000000020000000000000000000000000000000000000000000000000000000000000100000000000000000000000000000000000000000000000000000000000000000
000000000000000000000010010000000000000000000000000000000010000000000000000010000001000000000000000000000000000000000000000000001000010000000000000000000000000010002000000020000000000000000000000100000000000000000000000000000000000000000000000000000001000000000000000000000000010000000000000000010000
000000000000100000000000000010000000000101000000000000000000000000000100000000000000000000000001000000000000000000000000000000000000000000000010000000000000000010002000000020000000000000000000000000000000000000000000000000000000000000000000000000000000001000000000000000000000010000000000000010000100
100010000000000100001000000000000000000000000000000000000000000000000000000000000000000000000000000000000000010000000000000000000000000000000000000000000000000000102222222222020000000000000000000000000000000000000000000010000000000000000000000000000000000000000000000000000000000000000000000000000000
000000000000000000000000000000000000000000000000000000000010010000000000001000000000010001000000000000000000000000000000000000000000000000000110000000000000000000002222000200200000000000000000000000000000000000001000000000000000000000000000000100000000000001000000100000000000000000000000000000000100
000000000000000000000000000000000000000000000000100000000000000000000001000000000000000000000000000000000000000100000000000000000000000000000000001000000000000000000202200000000000000000000000000000000000100000010000000000000000000000000100000000000000000000000000000000000000000001000000100000000000
000000000000000000000000000010000000000000000000000000000100000000100000000000000000000000000000000000000000000000000000000000000000010000000100000000001000000000000000020000001000000000000000000000000000000000000000000000000000000000000000000010000000001000000000000000000000110000000010000000001000
000000000000000000000000000000000100000000000000000000010001000010000000000000000000000000000000000001100000000000000000000000000000000000000000000000000000000000000000000000000000000000000000000000000000000000000000000000000000000001000000000000001000000000000000000000001000000000000000000000000000
000000000000000000000000000000000000000000000000000000000010000000000000000000000000000000001000000000000000000000000000000000000000000000000000000000000000000000000000000000000000000100000001000000000000000000000000000000000000000000000000000000000010000000000000000000000000000000000000000000000000
000000000000000000000000000000000000000000000000000000000000000000000000000000000000010000000000000000000000000000000000000000000000000000000010000000000000000000000000000000000000000000000000010000000000000000010000000000000000000000000000000000000000000000000000000001000001000000000000000000000010
000000000000100000000100000000000001000000000000000000000000000000000000000000000001101100000000100000000000000000001000000000000000000000000000000000000000000000000010000000000000000000000000000000000000000000000000000000000000000000000000000000000000000010000000000000000000000000000010000000000000
000000000000000000000000000000000000000000000000010000000000000000000010000000000000001000000000000000000000010000100000000000000000000000000001000000000011000000010000000000000000000000000000000000000000000000000000000000000000000000000000000000000000000000000000000000000000000000000000100000000000
000000000000000010000000000000000000000000000000000000000000000000000000000000000010000000000000000000000000000000000000000000000000000000001000000000000000000000000000000100000000000000000000100000000000000000000000000000000000000000000000000000000000000000000100000100000000001000000000000000000000
000000000000000000000000000000000000100000000000000000000001000000000000000110000000000000000000011000000000000000000000001000000000000000000000000000000000000010100101000000000000000000100000000000000000000100100000000000000000000000000000000000000000001000000000000000000000000100000000000000010000
010000000000000000000000000000000010000000000000000000000000000000000000000000000000000000000000000000000000100000000000000000000000000000000000000000000000000000000000000011000000000000000000000000000000000000000100000000000000000000000000000000000000001000000000000000000000000000000000000000000000
000000000000000000000000000000010000000000000000000000000000000000000000000000000000000000000000000000000000000000000000000000000000000000000000000001000000000000000000000000000000000000000000000000000000000000000000000000000000000000000000000000000000000000000000000000000100000000000000000000000000
000000000010000000000000100100000000000000000000000100000000000000000000000010000000000000000100000000000000000000001000000000000000000000000000000000000001000000000000000000000000010000000000000000000010000000001001000001000000000000000000000000010000000000000000000000100000000100000000000000000010
000000000011000100000000000000000000000000000000000000000000000000000000000000000000000000100000000000000000000010000000000000100000000000000000000000000000000000000000000000000001000000001000000000000000000000000000000000000000000100000000000000000000000100000000000000000000000000000000000000010010
000000000010000000000000000000000000000000000000000000000000000000000000000000000000000000000000000100000000000000000000000000000000000000000000000000000000001000000000000000000000000000000001000000000000000000000000000000000000000000000000000000000000010000000000000000000000000000000000000000000110
000000000000000100000000000000000000000000000000000000000000000000000000000001000000000000000000000000000001000000000000000000000000000000000000000000000000000000000000000010000001000000000000001000010000000000000010000000000000000000000000001000000000000000000000000000000100000000000000000000000000
000000000000000000000000010000000000000000000000000000000100000000000000010001000000000000000000000000000000000000000000000000000000000000000000000000000000000000000000010000000000000000000000000000000000000000000000100000000000000000000000000000000000000000000000000000000000000000000000000000000000
000000000000000000000000001000000000000000000000010000000000000000000000000000000000010000000000000000000000001000000000000000000000000000010000000000000000000000000000000000000000000000000000000000000000000000000000000000000000000000000000000000000000000000000000000000000010000000100000000000000010
000000000000000000000000000000000000000000000000000000000000000001000001000000000000000000000000000000000000000000000000000000000000000000000000000000000000000000000000000000000000000000000000000000000000000000000000000110000000000000000000100000000000000000000100000000010000000000000000000000000000
000000000000000000000000000000000001000000000000000000000000000000000000000000000000000000000000000000000000000000000000000000000000000000000000010000000000000000000000000000000000000000000000010001000000000000000000000101000000000100100000000000000000000000000000000000000000000000000000000000001000
000000000000000000000000000000000000000000000000000000000000000000000000000000000000000000001000000000000000000000101000000000000000000000010000000000000000000000000000000000000000100000000000000000000000000000000000000010100000000100000000010000000000000000000000000000000000000000000000000000000000
000000000000010000000000000000100000000000000000000000000000010000000001000000000000000000000000000000000000000000000000000000000000000000000000000000000000000000000000000000000000000000000000000000000000000000010000000000000000000000000000010000000000000000000000001000000000000010000000000000000000
000000000000000000000000000000000000000000000000000000000000000000100000000000000000001000000000000001000000000000000000000000000000000000000000000000001000000000000000000000000000000000000000000010000000000010000000000000000000000000000000000000000000000000001000100000000000000000000000000000000000
000000000000000000000000000000000000000000000000000000000000000000000000000000000000000000000010000000000000000000000000000000000000000000000001000000000000000000000000000000000100000000000000000000000000010000000000000001000000000000000000000000000000000000000100000000000000000000000000000000000000
000000001000000000001000000000000010000000000000000000000000000000000001000000000000000000000000000101000000000000000000000010000010000000000000000000000000000000000000000000000000000000000000000000000000000000000000000000001000000000000000000000010000000000100000000000000000000000000000000001000000
000000000000000000100000000000000000000000000000000000000000000000000000000000000000000000000000010000000000000000000000000000000000000010000000000000000000000000000000000000000000000000000000000000000000100000000000010000000000000000000000000000000000000000000000000000000000000000000000000000000000
000000000000000000000000100000000000100000000000000000000000000000000000000000000000000000000000100000000000000000000000001000000000000000000000000000000000000000000000000000000000000000100000000000000000000000000000000000100000000000000000100000000000000000000000000000000000000000000000000000010000
000000001000000000000000000000000000000000000000000000000000010000000000000000000010000000000000000000000000110000000000000000000000000000000000000000000000000000000010000000000001000000000000000000000000000000100000000000000000000000000000000000010000001000000000000000000000000000000000000000000000
000000000000000000000010000000000010000010000000000000000010000000000000000000001000000000000000000000000000000000000000000000000000001000000100000000000000000000000000000000000000100000000000000000000000000000000000000000000000000000000000000000000000000000000000110000000000000000000000000000010000
000000100000000000000000000000000000000000000000000000000000000000000000000000000001000000000000000100010000000000000000000000000000000000100000000000000000000000000000000000000000000000000000000000000000000000000100000000000000000000000000000000000000000000000000000000000000000000000000000000000000
000000100000000000000000000100000000000000000001000100000000000000000000000000011000000000000000000000000000000000000000000000000000000000000000000000000100000000000000000000000000000000000000000000000000000000000010010000000000010000000000000000000000000000000000000000000000000000000000000000000000
000000000000000000000000000000000010000000000000000000000000000000000001000000000000000000000000000000000000000000000000000000000000100000000000000000000000000000000000000000000000000000000000000000000000000000000000000000000000000000000000000000100000000000000000000000000001010000000000000000000000
000010000000000000000000000010001000001000000000000000000000000000000000000000000000100000000000000000000000000000001000000000100000000100000000000000000000000000000000000000000000000000000000000000000001100000000000000000000000000000000000000000000000000000000000010000000000000000000000000000000000
000000000000000000000001001000000000000000000000000000000000000000000000000000000000100000000000000100000000000000000000000000010000000000001000000000000000000000000000000000000001000000000000000010000000000000000000000100000001000000000000000000000000000000000000000000001000000000000000000000000000
000000000000000000000000000000000000000000000000000000000000001000100000000000000000100000000000000000001010000001000000000000000000000000000000000000000000000000000000001000000000000000000000000000000000000000000000000000000000000000000000100000000000000000000000000000000000000000000000000000000000
000000100000000000000010000100000000000000000000000000000000000000000000000000000000000000000010000000000000000000000000000000000000000000000000000000000000000000000000000000000000100000000100000000100000000000000000000000000000000000000000000000000000000001000000000000000000000000000000010100100000
000000000000000000010000000000000000000001000000000000000000000000000000000000000000000000000010000000000000000000000000000000000000001000000000000000000000000000000000000000000010000000010000000000000000000000000000000000000000000000000000000000000001000000000000000000000000000000000000000000000000
000010000000000000000000000100000010010000000000000000000000000010000000001000000000000000000000000000000000000000000000000000000000010000000000000000000000000000000000000010000000001000000000000000010000000000000000000000000000011000000000000000000000000000000000000000000000010000000000000000000000
000000000000000000000000000000000000000000000000000000000010000000100000000000000001000000000000000000100000100000000000000000000000000000000000000000000001000000000000000000000000000000000000000000000000100000000000000000000000000000001010000000000000000000000000000000000000000000000000001000000000
000000000000100000000000000000000000000000000000000000100000100000000000000000000000000000000100000000000000000000000000000000000000000000000000000000000000000000000010000000000000100000000000001000000000000000000001000000000001000000000000000001000000000001000000000000000000000000000000000000000000
000000000000000000000000000000000000000000010000001000000000000000000000000000000000000000000000000000000000000000000000000000001000000000000000000000000000000000000000100000000000000000000000000000000000000000000000000000000000000000001000000000000000000010000100000000000000000000000000000000000000
000000000000000100000000000000010100000000000000000000000000000000000000000000000000000000100000000000000000000000000000000000000000000000000000000000000000000000000000000000000001000000100000000000000000000000000000000000100000000000000000000000000000000000010000000000000000000000001000000000000000
000000000000000000000100000000000000000000000000000000000000000000000000100000000000000000000000000000000000000000000000000000000000010000000000000000000000000000000000000000000000000000000000000010000110000000001000000000000000000000000000000000000000000000001000000000000000000000000000000000000000
000010000000000000000000000000000000000000000000000000000000000100000000000000100000000000000000000000000100000000000000000000000000000000000010000000000000000000000000000000000000000000000000000000000000000000000000000000000000000000000100000000000000000000000000000000000000000000000100000000000000
000000000100000000000000000100000000000000000000000000000000000000000000000000000000000000000100000000010000000000000000000000000000000010000000000000000000000000000000000100000000000000000000000000001000000000000000000000000000000000001000000000000000010000001010000000000010000000000000000000000000
000000000000000000000000000000100000000000000000000000000000010000010000000000000000000000000000000000000000000000000000000001000000000000000000000000000000100010000000000001000000000010000000001000000000000000000000000000000000000000000001000000000000000000000000000000000000000010000000000000000000
000000000000000000000000000000000000000000000100000000000000000000000000001010000000000001000000000001000000000000000000000000000100000100000000000000000000010000000000000000000000000000000000000000000000000000001000000001000000000000000000000000000000000000000000000100000000000100000000000000000000
000000000000000000000010000000000000000000000000000010000001000000000000000000000000000000000010000000000000000010000000000000000000100000000000000000100000000000001000000000000000000001000000000000000000000010000000000000000000000000000000000000000000100000000000000000000000000010000000000000000000
000000000000000000000000000000000000000000000000000000000000000000000000000000000000000000000000000000000000000000000000000000000000000000000000000000000000000010000000001000000000001000000000000000000000000000000000000001010000000000000000000000000000000000000000000000010000000000000000000000000000
000000000000000000000000000100000000000000000000000000000000010000000000010000000000000010000000000000000000000000000000000000000000000000000000000000000000000000000000000000000000000000000000000000000000011000000000000000000000000000000000010000000000100000000000000000010000000000100000000010000000
000000000000000000000100000000000000000000000000000000010000000000100000000000000000000000000000000000000000000000000000010000000000000000000000000000000000000000000000000100010000000000000000000000000000000000010000000000000000001000000000100000000000000000000000000000000000000000000000000000000000
000000000000000000000000000000000000000000000001000000000000000000000000010000000000000000000000000000001000000000000000110000000000000000100000100000000000000000000000000000000010000100000000000000000010000000000000000000000000001000000000000000000000000000000000000000000000000000000000000000000000
000000000000000000000000000000000000000000000000000000000000000000000010000010000000000000000000000000000000000000000000000000000000000010000000000000000000000000000000000000000000000000000000000000000000000000100000000010000000000000000000000000000000000000000000000000000000000000000000001000000000
000000000000000000000000000000000010000000000000000000000000001000000000000100000001000000000000100000000000000000000000000000000000000000000000000000000000000000010000000000000000000000000010000001100000100010000000000000000000000000000000000001000000000000000000000000000001000000010000000000000000
000000000000010000000000000000000000000000000000010001000000000000000010000000000000000010000000000000000000000000000000000000010000000000000000000000000000000001000000000000000000000000000000010000000000000000000000010000000100100000000000001000000000000000000010000000000000000000000000000100000000
000000000100000100000000000000000000000000000000000000000000000000000000000000000000000000000000000000100000000000000000000000000001000000000000000000000000000000000000000000000100000000000000000000000000000000001000000000000001000000010000000000000000000000000000000000000000000000000000000000000000
100000000000000000000000000000000100000000000000000000000000000010000000000000000000001000000000000000000000000000000000000000000000000000000000000000000000000000000000000000000000000000000000000000000000000000000000000000000000000000100000000000000000000000000000000001000000000000010000000000000000
000000000000000000000100000000000000000000100000000000000000000000001000000000000000000000000000000000001001000000000000000000000010000000000000000000000000000000000000010000000000000000000000000000000000000000000000000000000000000000000000000000000100000010000000000000000000000000000000000000000100
010000001100000000000000000000000000000000100000000000000000000000000000000000000000000000000000100000000000000000000000000000000000010000000000000000010000000000000000000010000000000000000000000000000000000100000000001000000000000000000000000000000000000000000000000000000000000000000000000000000000
000000000000000000100000000000000000000000000000000000000000000000000000110000000000000000000000000000000000000000000000001100000000001000000000000000000000101100000000000000000000000000100000000000000000000000000000000000000010000100000000000000000000000000000000000000000000000000000000000000000000
000000000000000010000000000000000000000001000000000001000000000000000000000000000000100000000000000000000000011000000000000000000000000000000000001000000000000000000000000000000000000010000000000000000000000000000000000000000000100000000000000000000000000000000000000000000100010001000001000000000000
000000000000000000000000000000000000000000000000000000000000000000000000000000000000000000000000000000010000000000001010000000000000000000001000000100110000000000000000000000000000000000000000000000000000000000000000000000000000000000000000000000000000000000000000000000000000000000000000000010100000
000000010000000000000000000000000000000000000000000000000000000000000001000000000000000000000000000000000000000000010000000001000000000000000000000000000000000000000000000000000000000000000000000000000000000000000000000000000000000000000000100000000000000000010000000000010001000000000000000000000000
000001000000000001000000000000000000000000000000000000000100000000000000000000000000000000000100000010000000000000100000010000000000000000000000000000000000100000000000000000000000000000000000000000000000000000000000000001000000000000000000000000000000000010000000000001000010000000000001000000000000
000010000000000010000001000000100100000000010000000000000000000000000000000010000000000000000000000000000000000000000000000000000000000000110000000000000000000001000000000000000000000000000000000000000000000000000000000000000000000000000000000000000000000000000000000000000000000000000000000000000000
000000000000000000010000000010000000000000000000000000000000000000000000010000000000000000000000000000000000000000000000000000000000000000000000000000000000000001000000000000000000000000000000000000000000000000000001000000000000000000001000000000000000000001000000000000001000000000000001000000000000
000000000001010000000000000000000100000000000000000000000000000000000000000000011001000000000000000000000000000000000000110000000000000000000000000000000000000000000000000000000000000000000000000000000100000000000000000000000000000000000000000000000000000000000100000000000000000000001000000000010000
000100000000000000000000000000000000000100000000000000000001000000000000000010000001000000000000000001000000000000000000000000000000000001000000000000000010000000000000000100000000000000000000000000000000000000010000000000000000000000000000000000000000000000000000000000000000000000010000000000000000
000000000000000001000000000000010000000000000000000000000000000000000000000000100000100000000000000000010010000000000000000000100000000000000000001000000000000000000000000000000000000000000000000000001000000000000000000000001000000010000000000000000000000000000000000000000000100000000000000000000000
000000000000010000000000000000000000000000000000000000010000000000000000000000000001000000000000000000000000000000000000000000000000000000000010100000000000000000000000000010000000000000010000000000000000100000000000000000000000001000001000000000000000000000000000000000000000000000000001000000000000
000000000000000000000000000000000000000000000000000000000000000000010000000000000000000000000000000000000000000000000010000000000000100000000000000000000000000000000000000000000000000000000001000000000000000100000000000000000000000001000000000000000010000000001000000000000000000000000000000000000000
000000000000001000000000000000000000000000000000000000000000000000000000000000000000000000100000000000000000000001000010000000000000000000000000000000000000000000000000001000000000010000000000000100000000000000100000010000000000000000000000000000000000000000000000010010000000000000001000000000000000
000000000000000000000000000000000000000000100100000000100000000000000000000000000000000000000001000000000000000001000000000100000000000000000000000000000000000000000100000000000010000000000000000000010000000000000000000000000000000000000000000000000000000000000000000000000000011010000000000000000000
000000100000000000000000000000000000000000001000000000000001010000000000000000000000000100000000000010000000000000000000000000000000000001000000000000000000000000000000000000000000000000000000000000000000000000000000010000000000000000000000000000000000000000100000000000110000000000000000000000000000
000001000000000000000000000000000000000100000000000000000010000000000000000000000000000001000000000000000000000000000000100000000000000000001000000000000000000000000000000000000100000000000000000000000000000000000100000000000000000000000000000000100000100001000000000000000000001000000000100000000000
010000100000000000000000000000000000000000000000001000000000000000000000000000000000000000000000000000000000000000010000000001000000000000000000000000000000000000000000000000000000000000000000000000000000010000000001000000000000000000000000000000000000000000000000000000000000000000000000000000000000
000000001000000000000000000000000000000000001000000000010000000000000000000000000000000000000000000000000000000110000000000000000001001010000010000000000000000000000000000000010000000000000000000000000000000000000000000000000000000000000000000000010000000000000000000000000000000000000000000000000000
000000000000000000101000000000000000000000000000000000000000000000000000000100110000000100000000000000000000000000000000000000000000000000000000000000000000000000010000000000000000000000000000001000000000000000000101000000000000000000000000000000000000000000000000000000000000000000000000000000000000
100000001000000100000000000000000000000010000000000000000000000001000000000000000000000000000000000000001000000000000000000000000000000000000000000000000000000000000010100000010000100000000000000000000000100000000010000000010001000001000000000000000000000000000000000100000000000000000010000000000000
000000000000000000001000001000000000000000000000001000000000010000000000000000000000000001000000000000000000000000000000000010000000000000000000000000000000000000010000000000000000000000000000000000000000000000000000000100000000000000000000000010000000000000000000000000000000000000000000000000000000
100000000001000000100000000000000000000000000000000000000000000000000000010000001000000000000000000000000100000000000000000000000000000000000000000000000000000000000000000000000000000000000000000000000000001000000000000000000000000001000000000000000000001000000000000000000000000000000000000000000000
000000000000000000000000000000000000000000000000100000000000000000000000000000000000100000001000000010000000000000000000000000000000000000000000000000000000000000000010000000000000000100000000000000000000000000000000000000000000001000000000000000000000010000000000000000010000000000000000000000001000
000000000000000000000000000000000000000000000000000000000000000000000000000000000000000000000000000000000000000000000000000000000000000001000000100000000000000000000000000000000000000000000000000000000000000000000000000000000000000000000000100000000000000000000000000000000000000000000000000000000000
000000000010000000000000000000000000000000010000000000000000000000000000000100000000000000000000000000000000000000000000000000000000000000000000000000000000000000000000000001000000001000000000000000001000000000000000000000000000000000000000000001000000000010000000100000000000000000000000000000000000
000000000100000000000001000000000000000000001000000000000000000000000000000000000000000000000000010100000000000000000000000000000000000000010000000000000000010000000000000000000000000000000001000000000000000000000000000000000000000000000000000100000000100000000000000000000000000000000000000000000000
000000000000000000000000000000000100000010000001000000000000100000000000000000010000000000000000000000000000000000000100000000000000000000000001010000000000001000010000000000000000000000000000000000000000000000000000010000000000000000000000000000000000000000000001000000000001000000000000000000000000
000000000000000010000000000000000000001000000000000000000000000000000000000000000000000001000000000000010000000000000000000000000000100000000000000000000000000000010000000000000000000000000000000000000000000000000010000000000000000000000000000000000000000000000000000000000000000000000000000000000000
000100000100000000000000000000001000000000000100010000000000000000000000000000000000000100010000001000000000000000000000000010000000000100000000000001000000000000000000000000000100000001000000001000000000001000000000000010000000100000000000000100000000000000000000000000010000000100000000000000000000
000000000000000000000000000000000000000000000000000000000000000000000000001001010000000000000000000000000000000000000000000000000000000000000000000000000000010000000000000000000000000000000000000000000000000000000000000000000000000000000000000000000000000000000000000000000000000000000000000000000000
000000000000000000000000000000000000000001000000000000000000001000000000000100100000010000000000000000000000000000001000000100000000000000000000001000000000000000000000000000000000000100100010000000000000000000000000000000000000000000000000000000000000000000000000000000000000000000000000010000000000
000001000000000000000000000001000000000000000000000000000000000000000000000000000000000000000000000000000000000000000000000000000010000000000000000000001000010000000000000000000000000000000000000000000000000000001000000000000000000000000000000000010000000000000010000000000000000000000000000000000000
000000000000000000000000000000000000000000000000000101000000000000001000000000000000000000000000000000001000000000000000000000100000000000100000000000000000000110000000000000000000000001000000000000000000000000000000000000000000000010000000000000000000000000000000000000000000000000000000000010000000
000000000000000001000000000000000000000000000000000000000100000000000000000000100000000000000000000000000000000000000000000000000000000000000000000000100000000000000000100000000000000000000000000000000000100000000000000000000000000000000000000000000000000001000000010000001000000000000000000000001000
000000000100000000000000000000000000000000000000000100000000010100000000000000000000000000000000000000010000000010000000000000000000000000000000000000000000000000000000000000000000001001000000000100001000000000000010000000000000000000000000000000000000000000000000000000000000000000000000000000000000
100000000000000000000000000000000000000000000000000000000000000000000000000000000000000000000001000000000000000000000100001000001000000000000000000000000000000000000100000001000000000000000011000000000000000010001001000000000000000000000000000000000000000000000000000000000000100000000000100000000000
000000001000000000000000000100000000000000000000000000000000000000000000000000010000000000000100000000000000000000000000000000000000001000000000100000000000000000000000010000000000000000000000101000000000000000000000000000000000000000000000000001000000000000000000000000000000000100000000000000000000
000000000000000000000000000000000000000000000000000000000000000000000000000000010010000000000000000100010000000000000000010000000000000000000000000000000000000000000000000000000000000000000000000000000000000000000000000000000000000001000000000000000010000000000000000000101000000000000000000000000000
000000000000000000000000000001000000000100000000000000000000000000000000000000100000000000000000000000000000000000000000000000000000000000000000000000000000000000000000000000000000000000000000000010000000100000000000000000000000000001000000000000000000000000100000000000000000100000000000000000000000
100000000000000000000000000100000000000000000001000000100000100000000000000000000000000000000001000000000000000000000000000000001000000000000000000100000100000000000000000000000100000000000000000100000000000000000000000010000000000000000000001000000000000000000000000000000000000000000000000000000000
000000000000000100000000000000000000000100000000000000000000000000000000000000000000000000000000001000000000000000000000000000000000000000000000000000100000000100000000000000000000000000000000000100000000000000000000000000000000000000000000100000000000000000000000000000000000000001000000000000110000
000000000000000000000000100000000000000000010000000000100000000000000100000000000000000000000000000000000000000010000000000000000000000000000000000000100010100000000000000000000100000000000000000000000000000000000000000000000000000000000000000000000000000000000000000000000000000000000000000000000000
000000010000000000000000000000000000000000000000000000000000000000010000000001000000000100000000000000000000000000000000000001000000000000000000000000000000000000000000001000000000000000000000000000000000000001000000000001000000000000000000000000000000000000000000000000100000000000000000000000000000
000000000000000100000000001000000000000000000000000000000000000000000000000000000000001000010000000000000000000000000000000000000000000000100000000000000000000000000000000000000010000000000000000000000000000000000000000000000000000000000000000000000000000000000000000000000000000100000000000000000000
100000000000000000000000000000000000000100000010000000000000001000000001000000000000000000000000000000000000000000000000000000000001000000000001000000000100010000000000000000010000000000000000000000000000000000000000000000000000000000000000000000011000000000000001000000000000000000000000000000000000
000100000000001000100000000000000000000000000000000000000000000000000000000000000000000001000000001000000000000000000000000000000000000000000000000000000000000000000000000000000000000000000000000000000000000000000000010000000000000001000000000000100000000000000000000000000000000000000000010000000000
